/**:
  ros__parameters:
    w_rot: -0.04259473268430952
    x_rot: 0.7329464768310298
    x_trans: 0.003084971991525019
    y_rot: 0.6788123266849486
    y_trans: -0.5690304232559326
    z_rot: -0.013746853789119589
    z_trans: 0.7704838271477458
